9433081
9433061
9433043
9433042
9433023
9433021
9433012
9433011
9430092
9430082
9430071
9430051
9430043
9430042
9430036
9430035
9430034
9430033
9430031
9430024
9430021
9430014
9430013
9430012
9430011
9429073
9429072
9429063
9429062
9429033
9429032
9429031
9429023
9429022
9429013
9428051
9426023
9420021
9420012
9419063
9419062
9419055
9419054
9419041
9419024
9418071
9418026
9417055
9417052
9415043
9415042
9415033
9415021
9412043
9411082
9411072
9411068
9411065
9411064
9411055
9411054
9410084
9410083
9410082
9410074
9410073
9410072
9410036
9410035
9410034
9410033
9409031
9408052
9404093
9402611
9402193
9109111
9109100
9109092
9109091
9109081
9109073
9109072
9109071
9109041
9109023
9109022
9109013
9107184
9107182
9107119
9107116
9107114
9107062
9101086
9101052
8109021
8107031
8107023
7604023
7406032
7271012
7101024
6504050
6504011
3212171
2103031
1604043
1408013
1219031
1219021
1104011